565 0
2 1
3 2
4 3
5 4
6 5
7 6
8 7
9 8
10 9
11 10
12 11
13 12
14 13
15 14
16 15
17 16
18 17
19 18
20 19
21 20
22 21
134 23
24 23
25 24
26 25
27 26
28 27
786 29
30 29
31 30
32 31
33 32
34 33
35 34
475 36
37 36
38 37
39 38
40 39
41 40
42 41
43 42
44 43
292 44
46 45
47 46
48 47
49 48
418 49
51 50
52 51
53 52
54 53
55 54
56 55
57 56
58 57
59 58
60 59
61 60
62 61
63 62
64 63
65 64
66 65
67 66
591 67
69 68
70 69
71 70
72 71
566 73
74 73
75 74
76 75
77 76
78 77
79 78
80 79
81 80
82 81
284 82
84 83
85 84
86 85
87 86
88 87
89 88
90 89
91 90
92 91
93 92
94 93
95 94
96 95
97 96
98 97
99 98
100 99
101 100
102 101
144 102
104 103
105 104
106 105
107 106
108 107
109 108
110 109
111 110
112 111
113 112
114 113
115 114
116 115
117 116
118 117
119 118
120 119
121 120
122 121
123 122
728 123
125 124
126 125
127 126
128 127
129 128
130 129
131 130
132 131
133 132
134 133
135 134
136 135
137 136
138 137
139 138
140 139
141 140
142 141
143 142
144 143
145 144
146 145
147 146
148 147
149 148
514 276
151 150
152 151
153 152
154 153
155 154
156 155
157 156
870 157
159 158
160 159
161 160
162 161
163 162
164 163
165 164
166 165
167 166
168 167
169 168
170 169
339 171
172 171
173 172
174 173
175 174
176 175
177 176
177 147
179 178
180 179
181 180
182 181
183 182
184 183
185 184
186 185
187 186
188 187
189 188
190 189
191 190
192 191
193 192
194 193
195 194
196 195
197 196
198 197
199 198
200 199
201 200
202 201
203 202
204 203
205 204
206 205
207 206
208 207
209 208
210 209
211 210
212 211
213 212
303 214
215 214
216 215
217 216
218 217
219 218
220 219
221 220
222 221
223 222
223 70
225 224
226 225
227 226
661 227
228 10
230 229
231 230
232 231
233 232
981 233
235 234
236 235
237 236
238 237
239 238
240 239
432 241
242 241
242 17
244 243
245 244
246 245
247 246
471 247
249 248
250 249
251 250
637 252
253 252
254 253
255 254
854 255
257 256
258 257
259 258
260 259
261 260
262 261
263 262
264 263
265 264
266 265
267 266
268 267
269 268
270 269
271 270
272 271
273 272
274 273
275 274
276 275
277 276
278 277
371 279
811 279
281 105
282 281
283 282
284 283
285 97
286 285
287 286
288 287
289 288
290 289
291 290
292 291
293 292
294 281
295 240
296 295
297 296
298 297
299 298
300 299
301 300
302 301
303 302
304 303
305 304
306 305
307 306
308 307
309 308
310 309
311 310
741 312
313 312
314 313
315 314
316 315
406 317
318 317
319 318
320 319
321 320
322 321
323 322
628 323
325 324
326 325
327 326
328 327
329 328
330 329
331 330
332 331
333 276
334 131
335 334
336 335
337 336
338 337
339 338
788 339
341 340
342 341
343 342
344 343
345 344
346 345
347 346
348 347
349 348
350 349
351 350
352 351
353 352
986 353
355 354
356 355
357 356
358 357
359 358
360 359
361 360
535 361
363 362
364 363
365 364
366 57
367 366
368 367
369 368
370 369
371 370
372 371
373 372
374 373
375 374
376 375
377 376
378 377
378 257
380 379
381 380
382 381
383 382
384 383
385 384
386 385
386 12
388 387
389 388
390 389
391 390
392 391
393 392
394 393
395 394
396 395
397 396
398 397
399 398
400 399
401 400
402 401
403 402
404 403
405 404
406 405
407 406
408 407
409 408
410 409
411 410
412 411
412 268
414 413
415 414
416 415
417 416
418 417
419 418
420 419
421 420
422 421
423 422
424 423
425 424
426 425
427 426
428 427
429 428
430 429
431 430
432 431
433 432
434 433
435 434
436 435
437 436
438 27
439 438
440 439
441 440
442 441
443 442
444 443
445 444
446 445
447 446
448 447
448 419
450 449
451 450
452 451
453 452
454 453
455 454
990 456
457 456
458 457
459 458
460 459
461 460
462 461
463 462
974 464
465 464
466 107
467 466
468 467
468 362
470 469
471 470
472 471
473 472
474 473
475 474
476 475
477 476
478 477
479 478
480 479
481 480
482 481
483 482
484 483
485 484
486 485
944 486
488 487
489 488
490 50
491 490
492 491
493 492
494 493
495 494
495 179
497 276
498 497
498 461
500 499
501 500
502 501
503 502
504 503
505 504
506 505
507 506
508 507
509 508
510 509
511 510
512 511
513 512
514 513
515 514
516 515
517 516
518 517
519 518
520 519
521 520
522 521
523 522
524 523
525 524
526 525
527 526
528 527
529 528
530 529
531 530
532 531
533 532
534 533
535 534
536 535
537 536
538 537
539 538
540 539
541 540
542 541
543 542
544 543
545 544
546 545
547 546
548 547
549 548
550 549
551 550
552 551
553 552
554 553
555 554
556 555
557 556
558 557
559 558
560 559
561 560
562 561
563 562
564 563
565 564
566 565
567 566
568 567
825 569
570 569
571 570
572 571
573 572
574 573
575 574
576 575
577 576
578 577
924 578
580 579
581 580
582 581
583 582
584 583
585 584
586 585
587 586
588 587
589 588
590 589
591 590
592 591
593 592
594 593
595 594
596 595
597 596
598 597
599 598
600 599
601 600
602 601
603 602
604 603
605 604
606 605
607 606
608 607
609 608
610 609
611 610
612 611
613 612
614 613
615 614
616 615
617 616
618 617
619 618
620 619
621 620
622 621
623 622
624 623
625 624
626 625
627 626
628 627
629 628
630 629
631 630
632 631
633 632
634 619
635 634
636 635
637 636
638 637
639 638
640 639
641 640
642 641
643 642
644 643
644 390
646 645
647 646
648 647
649 648
650 649
651 650
652 651
653 652
654 653
655 654
656 655
657 656
657 269
659 228
660 659
661 660
662 661
663 662
664 663
665 664
666 665
667 666
668 667
669 668
670 669
671 670
672 671
673 672
673 14
675 674
676 675
677 676
678 677
679 678
680 679
681 680
682 681
683 682
684 683
685 684
686 685
687 686
688 687
689 688
690 689
691 690
692 691
693 692
694 693
695 694
696 695
697 696
698 697
699 698
700 699
701 700
702 701
869 702
704 703
705 704
706 705
707 706
708 707
709 708
710 709
711 710
712 711
713 712
714 713
715 714
716 715
717 716
718 717
719 718
720 719
721 720
722 721
722 533
724 723
725 724
726 725
727 726
728 727
729 728
730 729
731 730
732 731
733 732
734 733
735 734
736 735
823 736
738 737
739 738
740 739
741 740
742 741
743 742
744 743
745 744
746 696
747 746
748 747
749 748
750 749
751 750
752 751
753 752
754 753
755 754
756 755
757 756
758 757
759 758
760 759
761 760
857 761
763 762
764 763
825 765
766 765
767 766
768 767
769 768
770 769
771 770
772 771
773 772
774 773
775 774
776 775
777 776
778 777
779 778
780 779
781 780
782 781
782 196
784 783
785 784
786 785
787 786
788 787
847 788
790 789
791 790
792 791
793 792
794 793
795 794
796 795
797 796
798 797
799 798
800 432
801 800
802 801
803 802
804 803
805 804
806 805
807 806
808 807
809 808
810 809
811 810
812 811
813 1
814 813
815 814
816 815
817 816
818 817
819 818
820 819
821 820
822 821
823 779
824 823
825 824
826 825
827 826
828 827
829 828
830 829
831 830
832 831
833 832
834 833
835 834
836 835
837 836
838 837
839 838
840 839
841 840
842 841
843 842
844 843
845 844
846 845
847 846
848 847
849 848
850 644
851 850
852 851
853 852
854 853
855 854
856 855
857 856
858 853
859 858
860 859
861 860
862 861
863 862
864 863
865 864
866 865
867 866
868 867
869 868
870 869
871 870
872 871
873 872
874 873
874 351
876 875
877 876
878 877
879 878
880 879
881 880
882 881
883 882
884 883
885 884
886 885
887 886
888 887
889 888
890 889
891 890
892 891
527 213
894 893
895 894
896 895
897 896
898 897
899 898
900 899
901 900
902 432
903 902
904 903
905 904
906 905
907 906
908 907
909 908
910 909
911 518
912 911
913 912
914 913
915 914
916 915
917 916
918 917
919 918
920 919
921 920
922 921
923 922
924 923
925 924
926 925
926 771
928 927
929 590
930 929
931 930
932 931
933 932
934 933
935 934
936 935
937 936
938 937
939 938
940 939
941 940
942 941
943 942
944 943
945 944
946 945
947 946
947 436
949 948
950 949
951 950
952 951
953 952
954 953
955 954
956 955
957 956
958 957
959 958
960 959
961 960
962 961
963 962
964 963
965 964
966 965
967 966
968 967
969 968
970 969
971 970
972 971
973 972
974 973
975 974
976 975
977 976
978 977
979 978
980 979
981 980
982 981
983 982
984 200
985 984
986 985
987 986
988 169
988 394
990 989
990 504
992 991
993 992
994 993
995 994
996 995
997 996
998 997
999 998
999 0
2 0
998 0
999 1
3 1
4 2
5 3
6 4
7 5
8 6
9 7
10 8
11 9
12 10
13 11
14 12
15 13
16 14
17 15
18 16
19 17
820 20
21 19
22 20
23 21
493 22
25 23
26 24
27 25
28 26
29 27
30 28
425 29
32 30
33 31
34 32
35 33
36 34
37 35
38 36
39 37
40 38
41 39
42 40
43 41
985 44
546 43
46 44
47 45
48 46
49 47
50 48
51 49
52 50
53 51
54 52
55 53
56 54
57 55
58 56
59 57
707 60
61 59
62 60
122 61
552 62
65 63
593 451
67 65
68 66
69 67
70 68
372 71
72 70
73 71
74 72
75 73
76 74
77 75
78 76
79 77
80 78
81 79
82 80
83 81
92 84
750 85
86 84
87 85
88 86
89 87
90 88
91 89
92 90
93 91
94 92
95 93
96 94
97 95
98 96
99 97
100 98
101 99
102 100
103 101
104 102
105 103
106 104
937 107
108 106
109 107
110 108
111 109
112 110
113 111
114 112
115 113
116 114
117 115
118 116
119 117
120 92
121 119
122 120
123 121
124 122
125 123
126 124
127 125
128 126
129 127
130 128
131 129
132 130
133 131
134 132
135 133
136 134
137 135
138 136
139 137
140 138
141 139
975 140
143 141
144 142
145 143
146 144
147 145
148 146
149 147
150 148
151 149
152 150
153 151
154 152
155 153
593 154
157 155
158 156
159 157
160 158
161 159
658 160
163 161
164 162
165 163
166 164
167 165
168 166
169 167
170 168
171 169
172 170
173 171
174 172
175 173
176 174
177 175
178 176
179 177
180 178
181 179
182 180
183 181
184 182
185 183
186 184
187 75
188 186
189 187
190 188
191 189
192 190
193 191
194 192
195 193
196 194
197 195
198 196
199 197
200 198
201 199
202 200
201 171
731 204
205 203
206 204
207 205
208 206
209 207
210 208
211 209
212 210
213 211
214 212
215 213
524 216
217 215
218 216
219 217
220 218
221 219
222 220
223 221
224 222
225 223
226 224
227 225
228 226
229 227
230 228
231 229
924 232
233 231
234 232
235 233
984 236
237 235
238 236
239 237
240 238
241 239
242 240
243 241
244 242
245 243
246 244
247 245
248 246
249 247
250 248
251 249
252 250
253 251
254 252
255 253
256 254
257 255
258 256
259 257
260 258
261 259
262 260
263 261
264 262
265 263
266 264
267 265
268 266
269 267
270 268
271 269
931 272
273 271
274 272
275 273
276 274
277 275
278 276
595 279
280 278
281 279
282 280
283 281
284 282
285 283
286 284
287 285
288 286
289 287
290 288
291 289
292 290
293 291
294 292
295 293
296 294
297 295
298 296
333 297
300 298
301 299
302 300
303 301
304 302
305 303
626 306
307 305
308 306
309 307
781 308
311 309
539 310
313 311
314 312
315 313
316 314
317 315
318 316
319 317
320 318
321 319
322 320
323 321
324 322
325 97
326 324
327 325
328 326
329 327
330 328
423 329
332 221
333 331
334 332
335 333
336 334
337 335
338 336
339 337
340 338
341 339
342 340
343 341
344 342
345 343
346 344
347 345
348 346
349 347
350 348
351 349
352 350
353 351
354 352
355 353
356 354
357 355
358 356
359 357
358 64
361 359
362 360
363 361
364 362
365 363
366 364
367 365
368 366
367 21
370 368
371 369
372 370
373 371
374 372
375 373
376 374
377 375
378 376
379 377
380 378
649 381
382 380
383 381
384 382
385 383
386 384
387 385
388 386
389 387
390 388
391 389
392 390
393 391
394 392
395 393
396 394
397 395
398 396
399 397
400 398
963 399
402 400
403 401
404 402
405 403
406 404
407 405
487 185
409 407
410 408
411 409
412 410
413 411
414 412
415 413
416 414
417 415
418 416
419 417
420 418
421 419
420 178
423 421
424 422
425 423
426 424
427 425
428 426
429 427
430 428
431 429
667 432
433 431
434 432
435 433
436 434
437 435
438 436
439 437
440 438
441 439
442 440
443 441
743 442
445 443
446 444
447 445
448 446
449 447
450 448
451 449
452 450
453 451
454 452
455 453
456 454
906 457
512 456
459 457
460 458
461 459
462 460
463 461
464 462
465 463
466 464
467 465
468 466
469 467
470 468
471 469
472 470
473 471
474 472
475 473
476 474
477 475
478 476
479 21
480 478
481 479
761 482
483 481
484 482
485 483
486 484
487 485
488 486
489 487
490 488
491 489
492 490
493 491
494 492
495 493
496 494
497 495
498 496
499 497
500 498
501 499
502 500
503 501
504 502
505 503
506 504
505 368
508 506
509 507
510 508
933 511
512 510
513 511
662 514
515 513
516 514
517 515
518 516
519 517
520 518
521 519
522 520
523 521
524 522
525 523
526 524
527 525
528 526
529 527
530 528
531 529
532 530
533 531
542 532
602 535
536 534
537 535
538 536
539 537
540 538
541 539
542 540
543 541
544 542
545 543
546 544
547 545
548 546
549 547
550 548
551 435
552 550
553 551
955 552
555 553
556 554
557 555
558 556
559 557
560 558
561 559
973 562
594 561
564 562
565 563
566 564
567 565
568 566
569 567
568 287
778 747
572 570
573 571
574 572
575 573
576 574
577 575
578 576
579 577
580 578
581 579
582 580
583 581
584 582
585 583
586 584
587 585
692 588
589 520
590 588
591 589
592 590
593 591
594 592
595 593
596 594
597 595
596 25
599 597
600 598
601 599
602 600
603 601
604 602
605 603
606 604
607 605
608 606
609 607
610 608
611 609
612 610
613 611
614 612
615 613
616 614
617 615
618 616
619 617
620 618
621 619
622 620
623 621
624 622
625 623
626 624
627 625
628 626
629 627
630 628
631 629
632 630
633 631
634 632
635 633
636 634
637 526
638 636
639 637
640 638
641 639
642 640
643 641
644 642
645 643
646 644
647 645
648 646
649 647
650 648
651 649
652 650
653 651
654 652
655 653
656 654
657 655
658 656
659 657
660 658
661 659
662 660
663 661
664 662
665 451
664 352
667 665
668 666
669 667
670 668
671 669
672 670
673 671
674 672
675 673
676 674
677 675
678 676
679 677
680 678
681 679
682 680
683 681
684 682
685 338
686 684
687 685
688 686
689 687
917 688
691 689
692 690
693 691
694 692
695 693
696 694
697 695
696 293
699 697
700 698
701 699
702 700
703 701
704 702
705 703
706 535
707 705
708 706
709 707
710 708
711 709
712 710
713 711
714 712
724 713
716 714
717 715
976 760
719 175
720 718
721 719
722 720
723 721
724 722
725 723
726 724
727 725
728 726
729 727
730 728
731 729
732 730
733 731
734 732
735 733
736 734
737 735
738 736
739 243
738 144
741 739
742 29
743 741
744 742
745 743
746 744
747 745
748 746
749 747
748 529
751 144
752 750
753 751
754 752
755 608
756 754
757 755
758 756
759 757
803 758
761 759
762 760
763 761
764 762
765 763
766 764
767 765
768 766
769 767
770 768
771 769
772 770
773 13
774 772
775 773
776 774
777 775
778 776
779 777
780 778
781 779
782 780
783 781
996 784
785 783
786 784
787 785
788 786
789 787
790 788
791 789
792 790
793 791
794 792
795 793
796 794
797 795
798 796
799 797
800 798
801 799
802 800
803 801
804 802
805 803
806 804
807 805
808 806
809 807
810 808
811 809
812 810
813 811
814 812
815 813
816 814
817 815
818 816
819 817
820 818
821 819
822 820
823 821
824 822
825 823
826 824
827 825
828 826
829 827
830 828
831 829
832 830
833 831
834 832
835 833
836 834
837 835
838 836
839 837
840 434
839 680
842 840
843 841
844 842
845 843
846 844
847 845
848 846
849 847
850 848
851 849
852 850
853 851
854 852
855 853
856 854
857 855
858 856
859 857
860 661
861 859
862 860
863 861
864 862
865 863
866 864
867 865
868 866
869 867
870 868
871 869
872 870
873 871
874 872
875 873
876 874
877 875
878 876
879 877
880 878
881 879
882 880
883 881
884 882
885 883
886 884
887 885
888 886
889 887
890 888
891 889
892 890
893 891
894 892
895 893
896 894
897 895
898 896
899 897
900 898
901 899
902 900
903 901
904 902
905 903
906 904
907 905
908 906
909 907
910 908
911 909
912 910
913 911
914 912
915 913
914 853
917 915
918 916
919 917
920 918
921 919
922 920
923 921
924 922
925 923
924 765
927 666
926 618
929 927
930 928
931 929
932 930
933 931
935 932
935 933
936 934
937 935
938 936
939 937
940 938
941 939
942 940
943 941
944 842
945 943
946 944
947 945
948 946
949 21
950 948
951 949
952 950
953 951
954 952
955 953
956 954
957 955
958 956
957 861
958 452
961 959
962 960
963 961
964 962
965 963
966 964
967 965
968 966
969 967
970 968
971 969
972 970
973 971
974 972
975 973
976 974
977 975
978 976
977 955
980 978
981 979
982 980
983 981
984 982
963 807
986 984
987 985
988 986
989 987
990 988
991 989
990 354
993 991
994 992
993 497
994 567
997 995
998 996
999 997
0 565
1 2
2 3
3 4
4 5
5 6
6 7
7 8
8 9
9 10
10 11
11 12
12 13
13 14
14 15
15 16
16 17
17 18
18 19
19 20
20 21
21 22
23 134
23 24
24 25
25 26
26 27
27 28
29 786
29 30
30 31
31 32
32 33
33 34
34 35
36 475
36 37
37 38
38 39
39 40
40 41
41 42
42 43
43 44
44 292
45 46
46 47
47 48
48 49
49 418
50 51
51 52
52 53
53 54
54 55
55 56
56 57
57 58
58 59
59 60
60 61
61 62
62 63
63 64
64 65
65 66
66 67
67 591
68 69
69 70
70 71
71 72
73 566
73 74
74 75
75 76
76 77
77 78
78 79
79 80
80 81
81 82
82 284
83 84
84 85
85 86
86 87
87 88
88 89
89 90
90 91
91 92
92 93
93 94
94 95
95 96
96 97
97 98
98 99
99 100
100 101
101 102
102 144
103 104
104 105
105 106
106 107
107 108
108 109
109 110
110 111
111 112
112 113
113 114
114 115
115 116
116 117
117 118
118 119
119 120
120 121
121 122
122 123
123 728
124 125
125 126
126 127
127 128
128 129
129 130
130 131
131 132
132 133
133 134
134 135
135 136
136 137
137 138
138 139
139 140
140 141
141 142
142 143
143 144
144 145
145 146
146 147
147 148
148 149
276 514
150 151
151 152
152 153
153 154
154 155
155 156
156 157
157 870
158 159
159 160
160 161
161 162
162 163
163 164
164 165
165 166
166 167
167 168
168 169
169 170
171 339
171 172
172 173
173 174
174 175
175 176
176 177
147 177
178 179
179 180
180 181
181 182
182 183
183 184
184 185
185 186
186 187
187 188
188 189
189 190
190 191
191 192
192 193
193 194
194 195
195 196
196 197
197 198
198 199
199 200
200 201
201 202
202 203
203 204
204 205
205 206
206 207
207 208
208 209
209 210
210 211
211 212
212 213
214 303
214 215
215 216
216 217
217 218
218 219
219 220
220 221
221 222
222 223
70 223
224 225
225 226
226 227
227 661
10 228
229 230
230 231
231 232
232 233
233 981
234 235
235 236
236 237
237 238
238 239
239 240
241 432
241 242
17 242
243 244
244 245
245 246
246 247
247 471
248 249
249 250
250 251
252 637
252 253
253 254
254 255
255 854
256 257
257 258
258 259
259 260
260 261
261 262
262 263
263 264
264 265
265 266
266 267
267 268
268 269
269 270
270 271
271 272
272 273
273 274
274 275
275 276
276 277
277 278
279 371
279 811
105 281
281 282
282 283
283 284
97 285
285 286
286 287
287 288
288 289
289 290
290 291
291 292
292 293
281 294
240 295
295 296
296 297
297 298
298 299
299 300
300 301
301 302
302 303
303 304
304 305
305 306
306 307
307 308
308 309
309 310
310 311
312 741
312 313
313 314
314 315
315 316
317 406
317 318
318 319
319 320
320 321
321 322
322 323
323 628
324 325
325 326
326 327
327 328
328 329
329 330
330 331
331 332
276 333
131 334
334 335
335 336
336 337
337 338
338 339
339 788
340 341
341 342
342 343
343 344
344 345
345 346
346 347
347 348
348 349
349 350
350 351
351 352
352 353
353 986
354 355
355 356
356 357
357 358
358 359
359 360
360 361
361 535
362 363
363 364
364 365
57 366
366 367
367 368
368 369
369 370
370 371
371 372
372 373
373 374
374 375
375 376
376 377
377 378
257 378
379 380
380 381
381 382
382 383
383 384
384 385
385 386
12 386
387 388
388 389
389 390
390 391
391 392
392 393
393 394
394 395
395 396
396 397
397 398
398 399
399 400
400 401
401 402
402 403
403 404
404 405
405 406
406 407
407 408
408 409
409 410
410 411
411 412
268 412
413 414
414 415
415 416
416 417
417 418
418 419
419 420
420 421
421 422
422 423
423 424
424 425
425 426
426 427
427 428
428 429
429 430
430 431
431 432
432 433
433 434
434 435
435 436
436 437
27 438
438 439
439 440
440 441
441 442
442 443
443 444
444 445
445 446
446 447
447 448
419 448
449 450
450 451
451 452
452 453
453 454
454 455
456 990
456 457
457 458
458 459
459 460
460 461
461 462
462 463
464 974
464 465
107 466
466 467
467 468
362 468
469 470
470 471
471 472
472 473
473 474
474 475
475 476
476 477
477 478
478 479
479 480
480 481
481 482
482 483
483 484
484 485
485 486
486 944
487 488
488 489
50 490
490 491
491 492
492 493
493 494
494 495
179 495
276 497
497 498
461 498
499 500
500 501
501 502
502 503
503 504
504 505
505 506
506 507
507 508
508 509
509 510
510 511
511 512
512 513
513 514
514 515
515 516
516 517
517 518
518 519
519 520
520 521
521 522
522 523
523 524
524 525
525 526
526 527
527 528
528 529
529 530
530 531
531 532
532 533
533 534
534 535
535 536
536 537
537 538
538 539
539 540
540 541
541 542
542 543
543 544
544 545
545 546
546 547
547 548
548 549
549 550
550 551
551 552
552 553
553 554
554 555
555 556
556 557
557 558
558 559
559 560
560 561
561 562
562 563
563 564
564 565
565 566
566 567
567 568
569 825
569 570
570 571
571 572
572 573
573 574
574 575
575 576
576 577
577 578
578 924
579 580
580 581
581 582
582 583
583 584
584 585
585 586
586 587
587 588
588 589
589 590
590 591
591 592
592 593
593 594
594 595
595 596
596 597
597 598
598 599
599 600
600 601
601 602
602 603
603 604
604 605
605 606
606 607
607 608
608 609
609 610
610 611
611 612
612 613
613 614
614 615
615 616
616 617
617 618
618 619
619 620
620 621
621 622
622 623
623 624
624 625
625 626
626 627
627 628
628 629
629 630
630 631
631 632
632 633
619 634
634 635
635 636
636 637
637 638
638 639
639 640
640 641
641 642
642 643
643 644
390 644
645 646
646 647
647 648
648 649
649 650
650 651
651 652
652 653
653 654
654 655
655 656
656 657
269 657
228 659
659 660
660 661
661 662
662 663
663 664
664 665
665 666
666 667
667 668
668 669
669 670
670 671
671 672
672 673
14 673
674 675
675 676
676 677
677 678
678 679
679 680
680 681
681 682
682 683
683 684
684 685
685 686
686 687
687 688
688 689
689 690
690 691
691 692
692 693
693 694
694 695
695 696
696 697
697 698
698 699
699 700
700 701
701 702
702 869
703 704
704 705
705 706
706 707
707 708
708 709
709 710
710 711
711 712
712 713
713 714
714 715
715 716
716 717
717 718
718 719
719 720
720 721
721 722
533 722
723 724
724 725
725 726
726 727
727 728
728 729
729 730
730 731
731 732
732 733
733 734
734 735
735 736
736 823
737 738
738 739
739 740
740 741
741 742
742 743
743 744
744 745
696 746
746 747
747 748
748 749
749 750
750 751
751 752
752 753
753 754
754 755
755 756
756 757
757 758
758 759
759 760
760 761
761 857
762 763
763 764
765 825
765 766
766 767
767 768
768 769
769 770
770 771
771 772
772 773
773 774
774 775
775 776
776 777
777 778
778 779
779 780
780 781
781 782
196 782
783 784
784 785
785 786
786 787
787 788
788 847
789 790
790 791
791 792
792 793
793 794
794 795
795 796
796 797
797 798
798 799
432 800
800 801
801 802
802 803
803 804
804 805
805 806
806 807
807 808
808 809
809 810
810 811
811 812
1 813
813 814
814 815
815 816
816 817
817 818
818 819
819 820
820 821
821 822
779 823
823 824
824 825
825 826
826 827
827 828
828 829
829 830
830 831
831 832
832 833
833 834
834 835
835 836
836 837
837 838
838 839
839 840
840 841
841 842
842 843
843 844
844 845
845 846
846 847
847 848
848 849
644 850
850 851
851 852
852 853
853 854
854 855
855 856
856 857
853 858
858 859
859 860
860 861
861 862
862 863
863 864
864 865
865 866
866 867
867 868
868 869
869 870
870 871
871 872
872 873
873 874
351 874
875 876
876 877
877 878
878 879
879 880
880 881
881 882
882 883
883 884
884 885
885 886
886 887
887 888
888 889
889 890
890 891
891 892
213 527
893 894
894 895
895 896
896 897
897 898
898 899
899 900
900 901
432 902
902 903
903 904
904 905
905 906
906 907
907 908
908 909
909 910
518 911
911 912
912 913
913 914
914 915
915 916
916 917
917 918
918 919
919 920
920 921
921 922
922 923
923 924
924 925
925 926
771 926
927 928
590 929
929 930
930 931
931 932
932 933
933 934
934 935
935 936
936 937
937 938
938 939
939 940
940 941
941 942
942 943
943 944
944 945
945 946
946 947
436 947
948 949
949 950
950 951
951 952
952 953
953 954
954 955
955 956
956 957
957 958
958 959
959 960
960 961
961 962
962 963
963 964
964 965
965 966
966 967
967 968
968 969
969 970
970 971
971 972
972 973
973 974
974 975
975 976
976 977
977 978
978 979
979 980
980 981
981 982
982 983
200 984
984 985
985 986
986 987
169 988
394 988
989 990
504 990
991 992
992 993
993 994
994 995
995 996
996 997
997 998
998 999
0 999
0 2
0 998
1 999
1 3
2 4
3 5
4 6
5 7
6 8
7 9
8 10
9 11
10 12
11 13
12 14
13 15
14 16
15 17
16 18
17 19
20 820
19 21
20 22
21 23
22 493
23 25
24 26
25 27
26 28
27 29
28 30
29 425
30 32
31 33
32 34
33 35
34 36
35 37
36 38
37 39
38 40
39 41
40 42
41 43
44 985
43 546
44 46
45 47
46 48
47 49
48 50
49 51
50 52
51 53
52 54
53 55
54 56
55 57
56 58
57 59
60 707
59 61
60 62
61 122
62 552
63 65
451 593
65 67
66 68
67 69
68 70
71 372
70 72
71 73
72 74
73 75
74 76
75 77
76 78
77 79
78 80
79 81
80 82
81 83
84 92
85 750
84 86
85 87
86 88
87 89
88 90
89 91
90 92
91 93
92 94
93 95
94 96
95 97
96 98
97 99
98 100
99 101
100 102
101 103
102 104
103 105
104 106
107 937
106 108
107 109
108 110
109 111
110 112
111 113
112 114
113 115
114 116
115 117
116 118
117 119
92 120
119 121
120 122
121 123
122 124
123 125
124 126
125 127
126 128
127 129
128 130
129 131
130 132
131 133
132 134
133 135
134 136
135 137
136 138
137 139
138 140
139 141
140 975
141 143
142 144
143 145
144 146
145 147
146 148
147 149
148 150
149 151
150 152
151 153
152 154
153 155
154 593
155 157
156 158
157 159
158 160
159 161
160 658
161 163
162 164
163 165
164 166
165 167
166 168
167 169
168 170
169 171
170 172
171 173
172 174
173 175
174 176
175 177
176 178
177 179
178 180
179 181
180 182
181 183
182 184
183 185
184 186
75 187
186 188
187 189
188 190
189 191
190 192
191 193
192 194
193 195
194 196
195 197
196 198
197 199
198 200
199 201
200 202
171 201
204 731
203 205
204 206
205 207
206 208
207 209
208 210
209 211
210 212
211 213
212 214
213 215
216 524
215 217
216 218
217 219
218 220
219 221
220 222
221 223
222 224
223 225
224 226
225 227
226 228
227 229
228 230
229 231
232 924
231 233
232 234
233 235
236 984
235 237
236 238
237 239
238 240
239 241
240 242
241 243
242 244
243 245
244 246
245 247
246 248
247 249
248 250
249 251
250 252
251 253
252 254
253 255
254 256
255 257
256 258
257 259
258 260
259 261
260 262
261 263
262 264
263 265
264 266
265 267
266 268
267 269
268 270
269 271
272 931
271 273
272 274
273 275
274 276
275 277
276 278
279 595
278 280
279 281
280 282
281 283
282 284
283 285
284 286
285 287
286 288
287 289
288 290
289 291
290 292
291 293
292 294
293 295
294 296
295 297
296 298
297 333
298 300
299 301
300 302
301 303
302 304
303 305
306 626
305 307
306 308
307 309
308 781
309 311
310 539
311 313
312 314
313 315
314 316
315 317
316 318
317 319
318 320
319 321
320 322
321 323
322 324
97 325
324 326
325 327
326 328
327 329
328 330
329 423
221 332
331 333
332 334
333 335
334 336
335 337
336 338
337 339
338 340
339 341
340 342
341 343
342 344
343 345
344 346
345 347
346 348
347 349
348 350
349 351
350 352
351 353
352 354
353 355
354 356
355 357
356 358
357 359
64 358
359 361
360 362
361 363
362 364
363 365
364 366
365 367
366 368
21 367
368 370
369 371
370 372
371 373
372 374
373 375
374 376
375 377
376 378
377 379
378 380
381 649
380 382
381 383
382 384
383 385
384 386
385 387
386 388
387 389
388 390
389 391
390 392
391 393
392 394
393 395
394 396
395 397
396 398
397 399
398 400
399 963
400 402
401 403
402 404
403 405
404 406
405 407
185 487
407 409
408 410
409 411
410 412
411 413
412 414
413 415
414 416
415 417
416 418
417 419
418 420
419 421
178 420
421 423
422 424
423 425
424 426
425 427
426 428
427 429
428 430
429 431
432 667
431 433
432 434
433 435
434 436
435 437
436 438
437 439
438 440
439 441
440 442
441 443
442 743
443 445
444 446
445 447
446 448
447 449
448 450
449 451
450 452
451 453
452 454
453 455
454 456
457 906
456 512
457 459
458 460
459 461
460 462
461 463
462 464
463 465
464 466
465 467
466 468
467 469
468 470
469 471
470 472
471 473
472 474
473 475
474 476
475 477
476 478
21 479
478 480
479 481
482 761
481 483
482 484
483 485
484 486
485 487
486 488
487 489
488 490
489 491
490 492
491 493
492 494
493 495
494 496
495 497
496 498
497 499
498 500
499 501
500 502
501 503
502 504
503 505
504 506
368 505
506 508
507 509
508 510
511 933
510 512
511 513
514 662
513 515
514 516
515 517
516 518
517 519
518 520
519 521
520 522
521 523
522 524
523 525
524 526
525 527
526 528
527 529
528 530
529 531
530 532
531 533
532 542
535 602
534 536
535 537
536 538
537 539
538 540
539 541
540 542
541 543
542 544
543 545
544 546
545 547
546 548
547 549
548 550
435 551
550 552
551 553
552 955
553 555
554 556
555 557
556 558
557 559
558 560
559 561
562 973
561 594
562 564
563 565
564 566
565 567
566 568
567 569
287 568
747 778
570 572
571 573
572 574
573 575
574 576
575 577
576 578
577 579
578 580
579 581
580 582
581 583
582 584
583 585
584 586
585 587
588 692
520 589
588 590
589 591
590 592
591 593
592 594
593 595
594 596
595 597
25 596
597 599
598 600
599 601
600 602
601 603
602 604
603 605
604 606
605 607
606 608
607 609
608 610
609 611
610 612
611 613
612 614
613 615
614 616
615 617
616 618
617 619
618 620
619 621
620 622
621 623
622 624
623 625
624 626
625 627
626 628
627 629
628 630
629 631
630 632
631 633
632 634
633 635
634 636
526 637
636 638
637 639
638 640
639 641
640 642
641 643
642 644
643 645
644 646
645 647
646 648
647 649
648 650
649 651
650 652
651 653
652 654
653 655
654 656
655 657
656 658
657 659
658 660
659 661
660 662
661 663
662 664
451 665
352 664
665 667
666 668
667 669
668 670
669 671
670 672
671 673
672 674
673 675
674 676
675 677
676 678
677 679
678 680
679 681
680 682
681 683
682 684
338 685
684 686
685 687
686 688
687 689
688 917
689 691
690 692
691 693
692 694
693 695
694 696
695 697
293 696
697 699
698 700
699 701
700 702
701 703
702 704
703 705
535 706
705 707
706 708
707 709
708 710
709 711
710 712
711 713
712 714
713 724
714 716
715 717
760 976
175 719
718 720
719 721
720 722
721 723
722 724
723 725
724 726
725 727
726 728
727 729
728 730
729 731
730 732
731 733
732 734
733 735
734 736
735 737
736 738
243 739
144 738
739 741
29 742
741 743
742 744
743 745
744 746
745 747
746 748
747 749
529 748
144 751
750 752
751 753
752 754
608 755
754 756
755 757
756 758
757 759
758 803
759 761
760 762
761 763
762 764
763 765
764 766
765 767
766 768
767 769
768 770
769 771
770 772
13 773
772 774
773 775
774 776
775 777
776 778
777 779
778 780
779 781
780 782
781 783
784 996
783 785
784 786
785 787
786 788
787 789
788 790
789 791
790 792
791 793
792 794
793 795
794 796
795 797
796 798
797 799
798 800
799 801
800 802
801 803
802 804
803 805
804 806
805 807
806 808
807 809
808 810
809 811
810 812
811 813
812 814
813 815
814 816
815 817
816 818
817 819
818 820
819 821
820 822
821 823
822 824
823 825
824 826
825 827
826 828
827 829
828 830
829 831
830 832
831 833
832 834
833 835
834 836
835 837
836 838
837 839
434 840
680 839
840 842
841 843
842 844
843 845
844 846
845 847
846 848
847 849
848 850
849 851
850 852
851 853
852 854
853 855
854 856
855 857
856 858
857 859
661 860
859 861
860 862
861 863
862 864
863 865
864 866
865 867
866 868
867 869
868 870
869 871
870 872
871 873
872 874
873 875
874 876
875 877
876 878
877 879
878 880
879 881
880 882
881 883
882 884
883 885
884 886
885 887
886 888
887 889
888 890
889 891
890 892
891 893
892 894
893 895
894 896
895 897
896 898
897 899
898 900
899 901
900 902
901 903
902 904
903 905
904 906
905 907
906 908
907 909
908 910
909 911
910 912
911 913
912 914
913 915
853 914
915 917
916 918
917 919
918 920
919 921
920 922
921 923
922 924
923 925
765 924
666 927
618 926
927 929
928 930
929 931
930 932
931 933
932 935
933 935
934 936
935 937
936 938
937 939
938 940
939 941
940 942
941 943
842 944
943 945
944 946
945 947
946 948
21 949
948 950
949 951
950 952
951 953
952 954
953 955
954 956
955 957
956 958
861 957
452 958
959 961
960 962
961 963
962 964
963 965
964 966
965 967
966 968
967 969
968 970
969 971
970 972
971 973
972 974
973 975
974 976
975 977
976 978
955 977
978 980
979 981
980 982
981 983
982 984
807 963
984 986
985 987
986 988
987 989
988 990
989 991
354 990
991 993
992 994
497 993
567 994
995 997
996 998
997 999
